[39664.4534923611219.223.254.162]
IP=219.223.254.162
port=21
user=ftp
pass=DF66EF62F55EED
options=30033330000330011030000100033330000010020
created=39664.4534923611
Proxy=0
ID=007437DF

[39664.4532887268219.223.254.162]
IP=219.223.254.162
port=21
user=3026
pass=58FE568CDB64E7
options=30033330000330011030000100033330000010020
created=39664.4532887268
Proxy=0
ID=9F746FB0

[39658.3836537847219.223.215.2]
IP=219.223.215.2
port=21
user=anonymous
anonymous=1
options=30033330000330011030000100033330000010020
created=39658.3836537847
Proxy=0
ID=14C9B8D0

[39658.3834749306ftp.utsz.edu.cn]
IP=ftp.utsz.edu.cn
port=21
user=anonymous
anonymous=1
options=30033330000330011030000100033330000010020
created=39658.3834749306
Proxy=0
ID=7E07D10E
localpath=D:\ÎÒµÄÎÄµµ\ftpdownload
